1961000518 Julie 60 91 76 39 55 41 0 47 0 0 0 66 90 90
1961000539 Malcolm 65 74 73 65 71 50 87 66 0 80 0 80 86 86
1961000561 joan 77 86 70 67 53 60 78 44 0 0 0 68 88 88
1961000829 Betty 85 90 71 63 77 60 85 65 0 0 0 78 92 92
1961000859 Linda 86 86 78  92  86  76 0 0 92 88 88 0 0 0
1961001116 Charles 88 85 76 80 70 68 88 82 0 0 0 82 93 93
1961001131 Elizaber 81 83 81 85 92 90 89 96 0 0 0 98 90 90
1961001211 Helen 71 75 69 67 54 47 2 44 0 87 0 54 85 85
1961001289 Katharine 54 84 60 60 73 69 87 70 0 0 0 71 95 95
1961001314 Lee 78 82 85 82 80 86 87 83 80 0 0 94 92 92
1961001598 Ann 65 75 80 68 75 60 84 62 0 0 0 75 90 90
1961001626 Diana 75 86 79 77 87 84 93 74 0 0 65 93 95 95
1961001647 Brooke 75 77 70 67 72 76 88 69 0 0 0 90 90 90
1961001724 Paul 70 86 80 71 73 81 85 61 0 0 0 74 90 90
1961001753 Dean 76 83 80 60 63 37 89 37 90 0 0 73 90 90
1961001795 Thoms 70 84 70 42 61 48 87 48 0 74 0 73 88 88
1961001801 Judy 85 86 72 78 75 98 89 96 0 0 0 97 95 95
1961001813 Kevin 74 85 60 60 70 61 86 71 0 0 0 77 91 91
1961001848 Willian 80 80 74 78 68 67 77 73 0 0 0 74 87 87
1961001899 Tracy 78 81 86 51 61 84 88 79 0 0 0 81 86 86
1961001906 Carol 72 84 71 52 68 64 85 63 0 0 0 78 90 90
1961002084 Whitney 76 80 70 53 68 65 74 70 0 0 0 79 87 87
1961002784 Michael 84 80 86 78 86 76 78 79 91 67 93 80 84 84
1961002787 Fred 70 78 60 75 68 74 88 82 0 0 0 78 90 90
1961002891 Shirley 74 80 61 72 73 86 85 80 0 0 0 79 87 87
1961003303 Burt 75 88 72 60 68 71 81 77 0 77 78 80 90 90
1961003963 Charlie 83 80 79 69 82 81 82 89 0 69 0 73 85 85
1961004000 Elliot 90 83 84 84 70 88 88 88 75 0 0 85 94 94
1961004246 George 77 66 78 51 61 60 70 60 0 0 82 69 90 90
1961004247 Johnson 78 84 68 49 80 60 81 64 0 72 0 83 86 86
1961004280 Gloria 72 72 70 50 72 60 79 68 0 0 0 75 90 90